1389751937877282816
1389624747638640642
1389396818916642817
1389719894401249355
1389649487220469763
1389643389679726594
1389614252667723782
1389748609562812416
1389648148792893440
1389751788388052995
1389396822913781760
1389396815032643584
1389704029391900674
1389585836518170631
1389691709596999680
1389576993562193922
1389657726599401473
1389654511350730752
1389604473660534787
1389596916732727298
1389607270892261381
1389694499249479681
1389396832015446016
1389661160299909123
1389681225724350466
1389396844057292803
1389396830048296962
1389396840441778183
1389396836280983562
1389751593600491521
1389448929188663301
1389462325858557962
1389505969697169410
1389505969671991299
1389450406602829827
1389564599758823426
1389452437065330694
1389504071711694850
1389564599758843905
1389505969755869184
1389504071770415104
1389505969680392206
1389452437065371651
1389450406607003658
1389751094763524106
1389615292888883200
1389685027609341953
1389750047169040386
1389415535721340929
1389390516752580608
1389422965943529473
1389415537310978054
1389419283017392128
1389407594129756163
1389448132723765252
1389749499409489920
1389392176912637957
1389416657198583814
1389408734162558979
1389396416863236106
1389419347626446857
1389701346882768897
1389404535169241094
1389412236469231616
1389404803533443074
1389451053058330627
1389700334897963009
1389413004496687105
1389748291982684160
1389391281567113217
1389699387698212865
1389406516894081025
1389412675084439554
1389430522015674370
1389749418962952199
1389748505493843972
1389748454356930561
1389747896568922112
1389747805804187648
1389747028926869505
1389746694158315521
1389746601909006337
1389746499333074945
1389618180436369412
1389727645533835264
1389652155120840709
1389745720899612672
1389744957158797314
1389744900284067841
1389738208334856197
1389561658780143617
1389417841254965252
1389744515318177794
1389744503704145920
1389743872775962624
1389740986985848835
1389740891892506625
1389712144069918721
1389730506535686147
1389710913112928257
1389738758875062272
1389739066732818434
1389738595276177409
1389738452908904448
1389578918269575174
1389591896532525060
1389582248911900679
1389722834381926401
1389542137323159553
1389410719368503301
1389679512879730690
1389394939432210440
1389616445097578497
1389557268262232074
1389391226198282240
1389534483167158276
1389413562582327296
1389505062452355072
1389583990990860289
1389735422125776896
1389574923530559494
1389404583168921601
1389527211355492352
1389681010573385728
1389711120697479168
1389398907537412097
1389409161532764163
1389393718818467840
1389668586650628098
1389676352408752130
1389738336105811971
1389678507777683456
1389553403907362820
1389401242917478400
1389547973214969858
1389507879674138624
1389614058031108102
1389650627941134336
1389552605928464384
1389683825798643720
1389523974153904134
1389390134513049602
1389538002221760513
1389395885407182851
1389397620708151297
1389540726615150594
1389562544826720257
1389571702867185665
1389411577615454208
1389678890361053184
1389661887025930240
1389415244317876226
1389562895801864203
1389587416919404544
1389724506919297026
1389567401960738816
1389713512046366720
1389647552861990913
1389710637337546759
1389402913647124482
1389394126026600452
1389473758809780228
1389403171185782790
1389709570931445767
1389584958847479816
1389669599088570368
1389623963290980357
1389400106751827970
1389608802173939725
1389654188540370946
1389583943100293122
1389389797320380418
1389672093965422592
1389545961119260676
1389665215491366915
1389537144033583106
1389404763012308994
1389715227407568896
1389570522426404868
1389658199712690176
1389391666696515589
1389538747339862016
1389625176199819264
1389667027732684802
1389549888564875265
1389477687182327809
1389542602500755459
1389664877287940096
1389584866577043462
1389544369443819523
1389400776510894081
1389709221978071040
1389539879978156034
1389681145667723267
1389662095336042498
1389420484299616257
1389737833213038596
1389737587787579397
1389737570632749056
1389737122974691331
1389737311089438721
1389407246610796544
1389406939084378112
1389736770129039362
1389736571449102340
1389736033256869888
1389678528480694274
1389608821803261955
1389735848032231425
1389735673972854786
1389735428001910786
1389735269063139333
1389734923720929286
1389407078792327174
1389734720632729600
1389734595793461248
1389469107523756036
1389554630657339399
1389530404378402819
1389487417694900231
1389458843671752704
1389668346258345989
1389733844325109762
1389733793330835456
1389732780850958338
1389732681311731719
1389477693259878400
1389473765000572932
1389507885789450242
1389523980621475844
1389505069104517123
1389527217281986562
1389731320276963329
1389729258122137605
1389729083416793096
1389479342267240450
1389487258445651969
1389728983390953473
1389728551591575553
1389482803046215682
1389725503981039617
1389728881364570113
1389726428170686465
1389727064996073479
1389726822603034631
1389699202771341312
1389681731154767872
1389681376002068481
1389726499289419777
1389725132290199552
1389455462622453770
1389724155319304199
1389724088688594949
1389723755912511489
1389712023722897408
1389617805113364484
1389709799927992320
1389585523702964228
1389723262914113538
1389581991578902539
1389635364093112320
1389441486165577728
1389722989785018370
1389662032471805953
1389661038224678912
1389667473104850945
1389658036713578501
1389722751993143299
1389649376113401862
1389651420689752064
1389722751988994051
1389662032505425920
1389651420677238786
1389661038216286208
1389667473088126980
1389649376130203648
1389658036713623552
1389721778092642304
1389720705730756610
1389720156511813632
1389720101365161985
1389718078443954178
1389681988789956609
1389661857393221644
1389650942744698882
1389580478303248385
1389580478303195143
1389715764303863813
1389679574208835584
1389664658437541888
1389712755486302209
1389712546127622145
1389416636331999232
1389711852393967618
1389711186397122563
1389711015261216771
1389563131311976454
1389603718362927114
1389709302609244160
1389708345976627201
1389495493676257282
1389581514623442946
1389473913977991173
1389575532577058826
1389495497937752066
1389707678897917952
1389707651840417799
1389707486723194881
1389707354464129025
1389707254228717572
1389561326960267269
1389706956194058249
1389706915190657026
1389706775255990274
1389395891212017667
1389402920978771968
1389706311932137473
1389705596358778882
1389705315176828933
1389704713482932227
1389704480355065857
1389704425355321344
1389584966107942915
1389652399699156994
1389649741366050826
1389703554080952326
1389687581009448966
1389681067712516096
1389703406013489152
1389703006107615233
1389702524752515079
1389702380019666957
1389696256025395201
1389701959511384072
1389507676044935168
1389470498971688965
1389519215451848707
1389701513384140800
1389511139260866560
1389520156041306114
1389701450062868484
1389701404969738244
1389700978853785607
1389699583371055108
1389670650961350656
1389699065240121347
1389698813137506311
1389698656836669440
1389698569657995268
1389662884142141440
1389698469330358274
1389698112952934401
1389697524219490306
1389697307222937606
1389696598460956672
1389694389518274561
1389693805545377792
1389692727223271427
1389692335173382156
1389692007698808842
1389691187406286849
1389690734379511809
1389690594839179268
1389690541215031300
1389690534738939906
1389690213211979778
1389689878363918345
1389689629645934595
1389391672648241156
1389688966706876416
1389688033717411843
1389687935239401475
1389687283872407558
1389687251559407622
1389686554323529733
1389686405165633537
1389685545278840834
1389685516656857089
1389685357604655107
1389685265682292739
1389685126167240708
1389684573689294854
1389684349616934917
1389684226644193280
1389452859134066688
1389683530133823489
1389682999239876613
1389437808658558976
1389649738119712769
1389681021017366535
1389585733032230912
1389680822832205827
1389680257435897859
1389679691125121024
1389590472105119744
1389678989212536838
1389585282798870531
1389577351055478785
1389577244117512194
1389676714742136834
1389667658099052547
1389676697981788164
1389435179136077825
1389676092819116034
1389448231571046403
1389408264643874820
1389532329333465088
1389404574902009856
1389415186038132739
1389416716405514241
1389432920759312386
1389411440583450624
1389474040415498240
1389404487878684673
1389411879538339840
1389664642616676362
1389674785223979008
1389643641141010435
1389396779683155977
1389437081517273089
1389528933801005059
1389674049991856132
1389673234291851264
1389673022722908165
1389672754119593984
1389672910298755074
1389671630851350529
1389671248129581060
1389670815701078018
1389670176933793792
1389669374068408335
1389665967488315397
1389669136524103682
1389664567463223304
1389665793873428481
1389669023852470274
1389668586533400576
1389585916130365457
1389537468790317056
1389665536439693321
1389613771186860034
1389584031482789892
1389592236069990401
1389536624183234564
1389591218540122122
1389512228500656130
1389667862495776769
1389667852614000642
1389658375626055681
1389665435872866309
1389662302383788034
1389661108252954626
1389667169705861123
1389666846115258368
1389666833322627088
1389406269006516226
1389655644370702336
1389404234966126593
1389406645722095616
1389586447238262784
1389666492971581441
1389394007646642179
1389411280931364865
1389586970083569672
1389666269415280643
1389660556412526599
1389599042582241282
1389659495962382337
1389653909220757509
1389655624833773575
1389666264868610060
1389666103190822917
1389665585781411843
1389602240525225994
1389600994443546630
1389618228901683203
1389665239621324800
1389616375195480068
1389638277821571081
1389601661388300289
1389623739407638532
1389665071387844608
1389664731196182538
1389664295022120961
1389664089555808271
1389663362850635779
1389662650645327876
1389633855116562435
1389609356933550080
1389459436381478912
1389614252579643403
1389465267005128706
1389544716664901638
1389613945686609922
1389661464328298500
1389661433848385541
1389659044197978114
1389660008628072451
1389659947722579982
1389659889417523204
1389659535208599557
1389659102477967361
1389659058387529736
1389658923142103044
1389657906178674688
1389657118161125384
1389656746160005120
1389655100491243531
1389654770235871236
1389654522218287105
1389654490136129540
1389653589900025857
1389653202388365312
1389652492762374151
1389576532927021061
1389597033091059717
1389390707371085824
1389563512578461698
1389600032052056078
1389574433019359239
1389599066384859140
1389645034815852544
1389409314704531457
1389394514171756544
1389584220566163459
1389545160921346052
1389391732979101696
1389402455943761920
1389591247476518913
1389626949039923200
1389395023423172609
1389562816990830592
1389582308215169024
1389592027390644224
1389397764128141313
1389407226767429635
1389399079877111810
1389589281820209152
1389570694778740739
1389566379880161282
1389390391795875841
1389565095869485059
1389567075379675140
1389391732979077120
1389390971918376962
1389408802177380354
1389556708297482249
1389395910266810368
1389564199102160901
1389601861120839681
1389652465751007232
1389565859903852545
1389400220769812481
1389559825864949762
1389410583619899393
1389402777000890368
1389394665850368001
1389575706712018948
1389588214885720069
1389396294557261824
1389404872374579202
1389572404653957124
1389391281361612800
1389403984033574913
1389554795963314177
1389549545445527555
1389412675080183812
1389652317000056833
1389620924337594368
1389586564104212480
1389410404489695235
1389405185815023621
1389631242556133376
1389615468894461961
1389587282504691712
1389405492041162757
1389426474994831360
1389600802289946629
1389651107463503875
1389650818694004737
1389650624527097860
1389650385992830982
1389650340681760768
1389650140101763075
1389649794495303681
1389649005802663936
1389648055419523073
1389647228311113728
1389646903990792201
1389646658414198784
1389570424296644630
1389645660341821444
1389645241507057664
1389399491116077057
1389645227632173058
1389394557134020610
1389409024374837248
1389404109225091072
1389638908544262146
1389644385416011777
1389644042993033225
1389642839328530436
1389642764988583940
1389642291757867018
1389641917152047109
1389641589040033797
1389641408148037635
1389641310286536712
1389639755885854731
1389639724122480642
1389638837463404544
1389639522175102982
1389638913006899201
1389638738851020804
1389579460626853890
1389638245311467523
1389403933798551554
1389635540866277377
1389608834516230153
1389633979012329475
1389633901996515328
1389398983198527489
1389630465271816200
1389629675740143618
1389629675010396162
1389629636741672963
1389629567770501126
1389629280288743426
1389628964742836229
1389608815390203907
1389625183242047490
1389623969804816384
1389628669354782721
1389628401523306496
1389628254856810496
1389627997326651393
1389627146130317314
1389626617975222274
1389626071448948747
1389624827116392451
1389624621087924225
1389624274982420480
1389624136641691653
1389624052239806464
1389621155774885889
1389620524188319754
1389620126576791557
1389619545728552964
1389618450838982668
1389617959300173829
1389617336185991170
1389542608947486724
1389562901711646723
1389544377396174851
1389538753174151170
1389545970124328965
1389547981481943040
1389562551420129287
1389567408071864330
1389537149960159233
1389553409674473473
1389538008479670278
1389542143144775681
1389539889419636739
1389534489991208964
1389557274478223360
1389552611532054530
1389540736539009029
1389549897595199492
1389571709154390016
1389616193288409097
1389616071817170944
1389540673821548548
1389615099074261001
1389614997135781890
1389413919312302086
1389614710874640384
1389613842490134528
1389612146531700738
1389611536415698949
1389473847771082753
1389611238288723969
1389609635691257858
1389609575679152137
1389605575000997890
1389605969534009351
1389604962980745217
1389603851045675011
1389602097046376449
1389600782698307585
1389600660899827715
1389600457677578245
1389541490846846984
1389599413438500874
1389599259276742663
1389499634003845122
1389506420089839618
1389597856344854529
1389532717100920836
1389597078632820738
1389596802312192004
1389595929842536451
1389593931525074947
1389592770386567173
1389592141140221954
1389590633338351624
1389590134954373123
1389589214753341449
1389588793083285505
1389588552653082624
1389588204299370502
1389588155469336578
1389587115147730951
1389586879843119104
1389585825344720900
1389585522381701121
1389584961984995335
1389584184516153345
1389583806999453700
1389581635042033665
1389581899023228930
1389581711621697541
1389581335212265474
1389581062989307907
1389580951768928262
1389580834349461510
1389580679898443777
1389580493096693763
1389415535662702592
1389422965914144771
1389416657207001088
1389578451783462915
1389578042771705858
1389578002518970370
1389575115550216192
1389501336291446784
1389480414293598208
1389574261707317250
1389558580785909762
1389547302994513920
1389550744748109825
1389572426485440513
1389572328628051978
1389571885055217666
1389570524854976512
1389570294080278528
1389569175186808834
1389567933349863427
1389566324091801606
1389565385595400196
1389565134197170181
1389564697347862529
1389422903066775558
1389564631623028738
1389564601663111170
1389450406577668104
1389504071753633794
1389505969697148931
1389564599767244807
1389452437082173442
1389505969676185600
1389563417699160064
1389562714314313728
1389562024955420676
1389562011282022408
1389561761926373377
1389561158718341126
1389561384166436865
1389546549420740612
1389560733730549770
1389554904591736835
1389559467344338946
1389559377493962753
1389558464482004995
1389557703849254915
1389556951126790148
1389555210465464330
1389555416305127425
1389554283251646472
1389553628659257345
1389553579271368708
1389553008283951104
1389544503820918785
1389552968542851077
1389552835881222152
1389552791564206080
1389552562324582402
1389552428572422146
1389551989558816772
1389551381879603205
1389550993629659139
1389546777494294530
1389549411873824769
1389549385659392002
1389548898792923153
1389542572226400265
1389548579291815936
1389547518892122115
1389545944715341825
1389544749737123843
1389544237788762113
1389542872144359425
1389541231986884609
1389540952948228098
1389537927856857090
1389537294256910336
1389536578985472005
1389536369454759939
1389536102990729219
1389536096980193281
1389535819782922249
1389535281997656064
1389533486650908672
1389529339247661056
1389528386268278786
1389524638783442946
1389519315486056457
1389514085864198151
1389507969604329474
1389496451714097153
1389396983857614850
1389450054188953605
1389400928575393792
1389496460488548356
1389399285570043904
1389451997036773379
1389434102458109965
1389439031725858818
1389469547866968064
1389434334474424320
1389470947313283072
1389462827266560000
1389397691285729285
1389458383749615619
1389402419558158338
1389405187211554822
1389425950782201859
1389425954720608257
1389475170088275971
1389489011132190720
1389450054138699778
1389478354752004098
1389475574796668930
1389469691794673664
1389466441741647874
1389466434699415554
1389464935063859203
1389464831737139206
1389460993609277442
1389459381440466950
1389457515524538370
1389457455915098116
1389455702951927809
1389450622500540417
1389445929401454592
1389444723174256645
1389444555691417603
1389443951380336642
1389440175344918528
1389439839242702848
1389438687084228609
1389438314940350466
1389438231733735427
1389436031141924866
1389434510706712578
1389433870685249536
1389433559669223424
1389431625390383113
1389430902799880195
1389428183028670466
1389427999154520066
1389427208217927681
1389426097167683584
1389425382403809285
1389400995445227520
1389425140480499714
1389424478321582081
1389423806100484099
1389423187570614275
1389422992866877444
1389416657177567234
1389422965939265541
1389415535654301697
1389422586845704197
1389421860551528448
1389417991327129601
1389416713423306753
1389411684595417092
1389421853580709889
1389420852874293251
1389420766245031938
1389420318255689736
1389419866105450496
1389419445827813377
1389418785434710016
1389418647366602754
1389419273613975553
1389419192697376768
1389417859680546823
1389417410680303619
1389417304492953600
1389399444974538752
1389416759669760000
1389410191976841216
1389402809418895364
1389416695199109120
1389397867702505476
1389416373328154626
1389415749333274624
1389415588553019392
1389415074096369665
1389414832256872448
1389414102116732928
1389413606018715651
1389413418331951113
1389412788251025413
1389411993556226051
1389411942339600384
1389411858432540679
1389411653893201923
1389410964680945664
1389410509074612227
1389410243294240778
1389409862845669376
1389409519961350145
1389408775979798528
1389408702051012609
1389408634308907018
1389408624078991361
1389408559386042368
1389408335514984449
1389407475653357568
1389407439129305092
1389407381822582787
1389406495226437637
1389405958263160832
1389405790650372096
1389405548257456130
1389401782003044360
1389405466472632322
1389405387791740932
1389405256988119043
1389405126641819649
1389405065442693129
1389405055737081857
1389405039207321600
1389403990400638976
1389403789023748100
1389403509636874240
1389403469933694985
1389403431526338565
1389402962678714368
1389402358644416525
1389402219016032259
1389401631045869568
1389401112944463872
1389400598802571270
1389400249651892227
1389399837288841218
1389399314926014464
1389399255484452866
1389399030900404224
1389398645292818433
1389398293407404037
1389397691487059969
1389398239959453696
1389398102520512516
1389398028772126720
1389397234991738881
1389397174274961408
1389396806715559938
1389396620127649795
1389396380158988290
1389396200932184070
1389396192019222533
1389396044971233286
1389395756730224640
1389395708495728645
1389395540140609536
1389395327120183301
1389395235495718914
1389394970944155651
1389394473902247939
1389394408039227392
1389394135279407121
1389393850918129664
1389393791682072576
1389392733882785794
1389393308573741059
1389393087315722246
1389393069171224580
1389392295695425536
1389392269959127041
1389392098311475203
1389391757545181184
1389391370272624641
1389390998686547970
1389390902041403396
1389390698273771520
1389390443914346497
1389390299693207554
1389389934629380099
1389389805897797632
1389389805897797632
1389389797320380418
1389159590311325698
1389388103463227396
1389374275174371331
1389371224313131011
1389368295422234624
1389364408640368642
1389285528105754625
1389356715569664000
1389284305117933570
1389232166710640644
1389386308347256836
1389382883165437955
1389381083116965889
1389225187686584322
1389293739944779776
1389050619768369152
1389387922877542401
1389270289201000450
1389291806148366338
1389358282364440576
1389295130968879104
1389293121331101699
1389320592319340545
1389296804701691905
1389264286657118211
1389385852569014278
1389058346607542274
1389270264496541697
1389262680796504066
1389283355116535808
1389164929920290819
1389067442966515721
1389356465060675588
1389260705870717376
1389267891430649860
1389275042664488960
1389060583350161412
1389291160275877888
1389299064869572612
1389379160070529025
1389371045879062531
1389388663436419076
1389282104358305792
1389341313510694912
1389376700899753985
1389375440914042884
1389281075344527360
1389157315534757894
1389385072466219010
1389224917908873221
1389348430565105666
1389374389414555650
1389345539100086275
1389290044431630345
1389297882910498816
1389346785760485377
1389380675178950657
1389373752853422080
1389260315687194625
1389376071934435328
1389363100487348224
1389290997775953920
1389281385827819521
1389368045911437313
1389379080932319232
1389223770376728580
1389272178080641024
1389352202578186240
1389344234579267586
1389345704842199044
1389179963941691392
1389370551861268482
1389382231508930563
1389296576531554307
1389214951185653768
1389162403628150784
1389286857406439427
1389290784831119361
1389386224360595458
1389292978569580549
1389377197702488064
1389210817350946818
1389365984088125441
1389354693088841729
1389269606326407169
1389364841253466112
1389378760965648386
1389289597452967937
1389384454859227138
1389287171924897800
1389372584857280516
1389383468681859072
1389229574450401282
1389372232170754049
1389258082471976961
1389279735536963585
1389373795027144709
1389289036674596870
1389074537094938625
1389061567212257284
1389055474918588421
1389259227793821697
1389264654208176130
1389275428796321793
1389077234942545920
1389336664351199232
1389385817072685061
1389338345411551233
1389375439869648899
1389301072846409728
1389295596851253249
1389377802483290115
1389383520749977600
1389388677944541188
1389287783672344578
1389350049960783872
1389303705875353602
1389346341269037058
1389365691866779648
1389378618510385154
1389350905938518016
1389378395524407298
1389349270638108674
1389360737215082502
1389342834910629890
1389379239095406592
1389346811991650309
1389360237140869120
1389356641238142976
1389344551333097474
1389360618461827076
1389358584996106246
1389344379458961408
1389350072341581824
1389363713304535040
1389373187754917891
1389348484294189057
1389357000312586242
1389389701157638147
1389389147866075137
1389389662901444609
1389389612158787590
1389389575173427200
1389362528833052674
1389364816087642116
1389337562913771520
1389366581432438786
1389348925329469442
1389352605814431745
1389365872964239361
1389349433968513025
1389341056584486913
1389370261506445312
1389377444583383043
1389361952636301312
1389377494529110022
1389369446947381249
1389351280393416704
1389347939831599106
1389367789375221760
1389369442925113346
1389369450986496002
1389348550119608322
1389377937569304577
1389362136262971392
1389349570220412929
1389389594492243968
1389347932831289347
1389369502274490370
1389365622530732032
1389340811901366272
1389374604427157504
1389341886263947264
1389350586852593666
1389366577179463680
1389371860056371200
1389374349690359810
1389364816075100163
1389352609853575175
1389340821288144900
1389373118460751872
1389342521956847616
1389375906490159113
1389373578802393090
1389373880825901056
1389343977728446466
1389359472347287553
1389374604196470790
1389367785122275332
1389350006709129218
1389340815881691136
1389370202526150656
1389364051105390595
1389351726549897216
1389359476310831105
1389367793364045829
1389355915736801280
1389350954445639682
1389371211608510464
1389338067190763521
1389387092602482688
1389378450528428036
1389388751126687746
1389373253316079617
1389387854128685058
1389378323638210560
1389388618779697152
1389387728161153026
1389379468855107584
1389379410914996228
1389386458595663873
1389388300851367936
1389387158176243712
1389389574187544577
1389386128898203648
1389380492588318724
1389384617631784968
1389388988624957440
1389379366627414016
1389377114994929665
1389382450812383235
1389382957987635205
1389382890392223744
1389389326761566214
1389317632843608065
1389377819801649153
1389327651555340288
1389334758706991105
1389379972293296129
1389381371961888770
1389381244257849344
1389306508328927232
1389329959584354306
1389319028804513794
1389389234612621313
1389389183823892485
1389389103649730561
1389383823956320273
1389378781488553988
1389377164265525253
1389385085921726466
1389373383415107586
1389388869544599556
1389365819780517889
1389369602011025408
1389388566921453569
1389388503470022657
1389360992371580929
1389379451738279938
1389353129435705346
1389388306970984451
1389388258589790208
1389365989783965697
1389384460701888517
1389354699556409344
1389373759388221441
1389373800874082305
1389386314139652097
1389388210783100928
1389376654376460292
1389388115660447744
1389277364178227202
1389388108467113987
1389387786914983937
1389289107667390466
1389388108957843459
1389388091941609477
1389345372154126337
1389368547608993795
1389326706012344320
1389312096354009090
1389387799883915268
1389225563928268802
1389387618027192324
1389387516575461378
1389343613818179591
1389387291576180737
1389387259414253569
1389387081349308420
1389387003020591104
1389346792689471491
1389336670953107456
1389364847498858496
1389374395353755653
1389385078493483008
1389352208857063428
1389358288152653825
1389341319307227141
1389386799382941702
1389386565206556679
1389386450844725250
1389374769724788737
1389365083130712069
1389385084717912070
1389371843644207105
1389352106814017542
1389362397354287112
1389360634995822594
1389347731127377930
1389366533911191554
1389367521904635907
1389363313298059266
1389378697220739074
1389318480470622214
1389342208709599239
1389360898989563908
1389377119642345474
1389378651179859972
1389373933275828228
1389377277088129024
1389386267595509764
1389366717319684099
1389367705757786115
1389297370916171784
1389380608682561536
1389374913610399744
1389370486610669571
1389364431105273870
1389363567418302467
1389355309525831688
1389386055351218178
1389381411040333825
1389385983922212867
1389332677031989249
1389359794696253443
1389359130033328130
1389366480773341187
1389362409618350082
1389385341711290370
1389385125616660481
1389385095136563200
1389384960684003334
1389384807650664449
1389384581309247489
1389355457676972035
1389384245974556672
1389383973181300739
1389340489179033601
1389348885391298560
1389344632287367169
1389337263297863682
1389312634424467456
1389339325536432128
1389340211847458816
1389357491394330628
1389383957104402433
1389354262795145219
1389304260458778624
1389361765062905859
1389345632570134528
1389347013498609665
1389383671862411264
1389383605831491587
1389374639697190912
1389382492256358404
1389382326124171265
1389382097480130561
1389381864297832454
1389375320151764993
1389381613952307201
1389281943628525570
1389271997251784705
1389288227291422731
1389283377195405317
1389284807578947584
1389276169904836608
1389304816485257217
1389289944682844162
1389294196608192517
1389286396049960963
1389290684490919939
1389300942856671238
1389381488316088320
1389381440404705281
1389381191112003587
1389380945254440965
1389380944239411202
1389366885905408004
1389366873339297797
1389366881778163713
1389366877558697985
1389335527011209216
1389380601560506368
1389380370072809473
1389380349310951428
1389296545120636930
1389362230240612354
1389380284144132106
1389380228393414661
1389380083819945987
1389380021739999240
1389379808333762560
1389379744743964672
1389379713345462279
1389242032934330372
1389227431668686854
1389196806282747906
1389260675382382592
1389230704626700290
1389076027452792838
1389088419847065604
1389374819515473920
1389379297870286848
1389321433860517890
1389379057972879362
1389378929987829761
1389378830662606848
1389377997002711041
1389311273624645638
1389321640459313152
1389377860020879361
1389377586816593922
1389377563823325185
1389377379508817925
1389329444477841409
1389377290455318531
1389274225190621188
1389375905919873026
1389377187736956929
1389376957431775232
1389376864393875457
1389376582981234693
1389376414554656772
1389376279892226048
1389376235340505089
1389376227660685314
1389376145997578242
1389370370319343616
1389376062287753222
1389375959690792964
1389375942364106752
1389375915420004357
1389375689137303561
1389375460652560388
1389375303278026752
1389050840795783168
1389375325000413185
1389374584709918733
1389374434226622464
1389374433798889475
1389333095619387393
1389327309686124545
1389260107339403267
1389374400118599680
1389293700614873090
1389374317658509318
1389371431323152389
1389372960956456961
1389372352086036480
1389374251476656135
1389373874329038850
1389373812651794436
1389373614198194179
1389373437378977798
1389373372967133192
1389373358022791168
1389096789261832192
1389373183397187585
1389372977708470278
1389372662137462795
1389372547972599810
1389372450971033603
1389372328539262980
1389372287338622976
1389372197333045254
1389371914695630848
1389371869065793536
1389371653390483456
1389371446959427584
1389055583425384450
1389053612920381440
1389371173893517314
1389371138233540608
1389370962706157569
1389371090514944003
1389370187472949252
1389370993718800390
1389370881995157506
1389370768799195136
1389370767008206849
1389370753171300355
1389370652008886275
1389370321178927105
1389370197174329344
1389369987027058693
1389369547455705088
1389253707951484930
1389369470527983617
1389369306740297731
1389369282354679809
1389369132068577287
1389368923997474823
1389368605473714176
1389368101167325186
1389367939019808769
1389367831511371779
1389228900845244420
1389367040419446784
1389367029673693184
1389366973402857475
1389366971825860611
1389366966285225987
1389366812211548165
1389366526554173440
1389328863709175808
1389329504670130178
1389366410191773703
1389366408115523584
1389366274325626880
1389366099649744903
1389365944414351362
1389365900705415175
1389327907349274624
1389365660111851522
1389365386278223873
1389365180035960832
1389365052575293440
1389364537317601282
1389364256802476038
1389314381813403653
1389347974682013696
1389331540065222658
1389315084657197058
1389363843852169219
1389318859002310656
1389319588202967040
1389313422781603841
1389319221406961667
1389318335939051520
1389317488626728961
1389309558988804097
1389323017553993732
1389330456760311811
1389357371395219456
1389315084665516033
1389331540098785282
1389309559005532161
1389314381746302976
1389363843843776512
1389318336001937408
1389318859061022721
1389319221398573059
1389330456760311808
1389319588198846464
1389317488517648384
1389323017558188032
1389313422739705857
1389357371391057923
1389347974669496320
1389363206683045888
1389363205139488768
1389363188949467140
1389362956400435200
1389362510025871360
1389362502413258754
1389362380472266762
1389362240428589060
1389361881127792643
1389361751758606340
1389230168749789192
1389260041396568069
1389224067669151745
1389054719415492609
1389347416718053376
1389361632262905856
1389051251975929856
1389361503501959171
1389361191227637761
1389360834963517446
1389360103619547141
1389358858183790598
1389359356920074244
1389359000001601536
1389358874667401218
1389060589050220544
1389067448708603907
1389055481830723585
1389061573432406019
1389058352798306305
1389050625640472578
1389358237951086593
1389357183549284360
1389357131904831491
1389224415263612928
1389259588986413060
1389226028912893952
1389229241812897792
1389224745346928645
1389356807236300800
1389226675276238854
1389223993916469250
1389225295262146567
1389356397117251595
1389356136982319106
1389356025212547076
1389232018001702915
1389225368633106432
1389347435240202246
1389229950083997697
1389226642602659850
1389228512364666880
1389224419025956869
1389355830781358080
1389355534495752196
1389355519341744133
1389336645695049729
1389339161119789056
1389355398369533954
1389355240357515274
1389355156651880451
1389354961528664065
1389354818637025280
1389354784063361026
1389056877548511234
1389064284928286722
1389063303352123395
1389055004506345472
1389057229098127363
1389354028438409218
1389073380574318595
1389059642056052739
1389060186803884032
1389128515182727168
1389075752772112388
1389070206337568769
1389354639464796166
1389354327467171843
1389354226762063891
1389353016151715844
1389352390164422658
1389352067815313408
1389350469894656000
1389351627358982145
1389350469466722306
1389321837948059651
1389344060004048898
1389350369159942154
1389350259034398731
1389350140406898690
1389350089332645892
1389349703679086601
1389347744792424449
1389349527799357440
1389348505261690884
1389349463202934788
1389349415660531714
1389349386895994887
1389349367816069122
1389313248135196672
1389347528399851523
1389347422078476296
1389339652834873349
1389341552896618499
1389347419444363265
1389347228641333251
1389346022942461953
1389345696797675523
1389241654801051652
1389345383248236546
1389330466940100609
1389278971515318276
1389331979515174915
1389345203123900419
1389269257108721664
1389247621441769473
1389259155148574720
1389224631064748041
1389248317155053572
1389225950060089345
1389247388599169025
1389226906990661639
1389271956936134659
1389344804664918022
1389343375392923649
1389343152931319810
1389342653133770755
1389342491023974401
1389342241748144131
1389341657452191748
1389341179716714503
1389340417263505408
1389339955181367297
1389324670802014213
1389279745884426243
1389339814579871751
1389321378474639362
1389338953275351040
1389338828331098114
1389338577323008001
1389338112938102789
1389337725199867911
1389231785008144390
1389232456046350342
1389230485742800898
1389336269432492040
1389335238879424515
1389055325320450050
1389054779784110084
1389297765516292097
1389333951450427398
1389332317928312835
1389332298672353285
1389331890478456833
1389331490597740548
1389330478763806723
1389330011291856904
1389329840772374533
1389329506687664131
1389329125131882506
1389214192448819201
1389328640932995075
1389264243908825094
1389226677016932357
1389328636893966337
1389328459873329153
1389272555408723972
1389327944699596805
1389327639211614215
1389055156667527170
1389327014591713287
1389326687633092609
1389326251643506691
1389326157565288457
1389325587769135110
1389326005362384901
1389325782112157701
1389325778714759173
1389325684108152834
1389324865564381185
1389324529126739976
1389224906286632961
1389051377268269057
1389256114953408517
1389224265321525251
1389324015370752004
1389215769163087872
1389269305628315651
1389323986564128768
1389268722469113859
1389270238663872515
1389277237933797379
1389323866867130370
1389322954178170880
1389322938646736900
1389322550849724416
1389055032809730052
1389059895224373250
1389050616958394369
1389056996037603333
1389308919491792899
1389321789344522242
1389321644158722048
1389321509995433987
1389321487476215812
1389320980573601793
1389320959832772610
1389320676327178242
1389320309413646338
1389320195597086726
1389319714967535622
1389319367410782209
1389319356585291776
1389317326042972163
1389316275093057547
1389316112043610114
1389055982152601605
1389061375335481347
1389315917272817667
1389063835781369858
1389058250239356929
1389051351456485376
1389271635300130818
1389060689608708099
1389062287961608194
1389315523788279816
1389315043922223106
1389314931305103363
1389313983526707205
1389313841415270404
1389313138256973827
1389312946367512577
1389312451158679558
1389312344489086976
1389311467221135361
1389310499452563462
1389269613393813507
1389301079569883136
1389303711592161282
1389297888979677184
1389295137910452225
1389309217509711875
1389309099137974282
1389309070268641285
1389308832942284800
1389308781578924037
1389306146696073224
1389304894637621256
1389304783887024133
1389304501614616578
1389232290417594369
1389303289263579145
1389302164586127361
1389300863517212676
1389299483658305541
1389215338965962755
1389299106921734148
1389298681069899783
1389298360012652547
1389297819589173254
1389294769629696004
1389283906738864132
1389260121705009153
1389210823407534082
1389293381684273160
1389293309814878210
1389292984810627074
1389291003916394500
1389289043070910466
1389286863706329091
1389269626509434882
1389291946976362496
1389291451805274115
1389290479930548229
1389288730557657098
1389288336058114064
1389288011779776517
1389287496543088642
1389286068718084109
1389286055870930948
1389285506777763842
1389285504131248130
1389285404856262660
1389285365068992512
1389077368514490370
1389284480427380739
1389230023350136832
1389255197810122761
1389251254489059328
1389284438341738496
1389283765390880776
1389227561952108550
1389281753383178240
1389280668593672194
1389280608053075972
1389231343012306950
1389280366964445184
1389279816147427328
1389280060260200449
1389244022833786882
1389278856406835206
1389278803957010440
1389278193023131650
1389277768513425409
1389277542775939081
1389277459468718080
1389277094962765833
1389228311306510339
1389225695352610819
1389051457895272448
1389219941782638595
1389276727621324800
1389224924678549516
1389264660373725192
1389232173018877953
1389260712665489410
1389225194066120705
1389275049232764931
1389223776995274758
1389229580842532866
1389270295073099778
1389259234995445761
1389262689684258816
1389264293086986245
1389274591516839936
1389273848000958465
1389076536356229120
1389273461969854465
1389273265869361160
1389272408142618628
1389052065431838720
1389272075962142722
1389262543957417985
1389271484674179072
1389270938286366722
1389270859181871106
1389269714665451525
1389269324620255234
1389269142776303619
1389262222640177155
1389268921753247744
1389268737413554182
1389236274075213825
1389268159274815492
1389267758886621188
1389242958269108238
1389267677236105216
1389267263652511754
1389267192861106176
1389266878569271299
1389266838979219456
1389266513442582531
1389266390348148737
1389265914835648517
1389264460888555521
1389264243929853956
1389263976148709378
1389263445032415235
1389263247182807040
1389262461904297987
1389262349303943170
1389230815050178568
1389261939633795075
1389229490677616643
1389261625484615682
1389261595755401225
1389261441857957896
1389261076840206337
1389214760017686530
1389260484516491264
1389260376227844099
1389260126176137226
1389245798727172096
1389259677972713474
1389185562045714434
1389224610865061891
1389229814326992898
1389251601785892867
1389259351391711233
1389258845973848069
1389258789128396806
1389093610516267010
1389258388354240512
1389258318603030530
1389256521947754499
1389256453035282435
1389256261011660809
1389256112491438088
1389255982371557385
1389254570702999552
1389254544241143814
1389051358033203205
1389053291561115656
1389056162713190402
1389254531280773125
1389254444077010947
1389253078340317186
1389252684780347398
1389252108692725764
1389249769634140162
1389249620241485827
1389249471003959299
1389248677185785859
1389247902103506956
1389247226308829189
1389247161381097477
1389236564639854595
1389246966220132353
1389246431836393472
1389246354292097036
1389245698982436865
1389245662454292484
1389245512751190030
1389245427896172545
1389245117500952584
1389244588515373058
1389244185191100424
1389243894760620033
1389243879694733313
1389240855689576453
1389242760750936070
1389242063053541382
1389241477830676482
1389056308486316032
1389241441050836993
1389240955686031367
1389226998766219267
1389226274992889859
1389240935809175552
1389240008666648578
1389239799697993729
1389239714016808963
1389239064700899331
1389238632121311238
1389238422229897220
1389238400146939912
1389238293485789184
1389235829923618819
1389237625475813381
1389237472547180552
1389237436333576194
1389232328602308608
1389236139299643397
1389236037931634690
1389235974459297792
1389235584049221633
1389235470207356930
1389235308764573699
1389235234311450626
1389235138387714052
1389235066715480065
1389234953641242627
1389229240210571264
1389234257676099586
1389234216366481417
1389233974845841413
1389233919585816581
1389233767408099328
1389233630212407298
1389233122944831490
1389232646606266376
1389232615442591747
1389232571863773188
1389232218875338754
1389232131726090241
1389232106165973000
1389232090613436420
1389231987119038472
1389231920995786759
1389231735062372355
1389231567868817411
1389231528832552967
1389231520167120902
1389231499258499077
1389231138015780870
1389230979638779906
1389230935082770434
1389230884897783808
1389230797954199553
1389230791436161029
1389230786210115585
1389230610884046853
1389230604747694081
1389230497583321088
1389230468596436992
1389230432475041794
1389064172676292611
1389080677933588482
1389230259992764422
1389230184000376833
1389230106628001795
1389230068967354369
1389230021718519814
1389229692767674372
1389229978936651777
1389229714519244803
1389229676124680193
1389229473061609472
1389229458700242953
1389229316437913601
1389229262297763847
1389229236767035393
1389229228739158021
1389227821466329092
1389229137617989646
1389229092319465473
1389228850245160966
1389228849607680002
1389228758016696327
1389228463136067589
1389228232478793736
1389228215001141257
1389071824927879169
1389228071312576515
1389227812066824194
1389227775094099974
1389226719823998989
1389226687993352192
1389226664731807749
1389226530144989189
1389224498000547843
1389226425618735106
1389226358975475716
1389226186052603910
1389225356650024965
1389225278363213829
1389225039434764289
1389224806839721986
1389050949784715266
1389224380870365196
1389223816010768386
1389223095823699976
1389214760063827968
1389215837840625667
1389214760042856451
1389214503867404293
1389214433814192129
1389213719696134146
1389213446907039747
1389212872287346688
1389211849816788999
1389209892687392772
1389208713819561984
1389207688643497984
1389205836078194696
1389204119576010754
1389203757364297730
1389203482729713665
1389203085139103746
1389180672267493377
1389201420554055681
1389076052832567298
1389201297765773312
1389200634168098818
1389200548839280640
1389170422399262725
1389199409049653250
1389196150763401218
1389196146761940992
1389192686851305478
1389190780380762120
1389190481473687554
1389164393552822275
1389188531537448961
1389187942233505793
1389187860151025667
1389185393430499329
1389183126988013570
1389180899267338242
1389162410037039104
1389179969989799940
1389159596082663424
1389157321943633922
1389164935922417672
1389175585600065543
1389170269617594370
1389169490169061377
1389160464551194626
1389160083448377344
1389158133130571776
1389147521277124609
1389144655313481728
1389134862897057792
1389102844696055809
1389098639478374401
1389089931675545602
1389087730240425985
1389087325846597633
1389087629145038852
1389087998336061445
1389087325838135297
1389087998268952585
1389087629166088192
1389087730248806402
1389085776877703173
1389082841410150403
1389081915391684608
1389069527439269893
1389080133844221952
1389067457344819200
1389066461587591169
1389057700147904516
1389069884517142531
1389077875828088832
1389077510340612097
1389052645009154050
1389068406025039872
1389074427522990083
1389061401910579203
1389072363229167623
1389073741230051328
1389071510766247936
1389071508190941191
1389071509889732611
1389069781282836480
1389069315413057539
1389068280606904325
1389058814532628482
1389066244851126273
1389055910711078913
1389065890814218241
1389064572716392448
1389054825552306179
1389051414303870979
1389061462769995776
1389056738289201155
1389055605294436352
1389055066649280517
1389051821952544768
1389054058514747392
1389054034028507136
1389053559136731136
1389053250163421187
1389052670187606019
1389052648335331331
1389051890210648071
1389051762947022852
1389051442950967298
1389051369722687489
1389029469302657026
1389050625640472578
1389049021273042948
1389017460456628226
1389022574076579840
1389042713287303170
1389040388476870658
1389045806976552961
1389035962047422464
1389025488870395907
1388973046103375874
1389019974451138560
1389024999906832390
1389030937447395339
1388974509542182914
1389026632908738562
1389022567554371584
1389025816571367424
1389016227276738560
1389003241971613698
1389019304096460801
1388358186311176193
1389016907219566592
1389025483057090562
1389006269919358978
1389027412059451401
1388973032849383426
1388993371041980418
1388989681455353857
1389032938004643840
1389018971261730816
1389018013173796865
1389017454597214209
1388978878362779650
1388962778346491904
1388998831014957056
1389014208755363841
1389021914144772101
1388967240402309120
1389011595112587264
1388998578803077121
1388962250539421700
1388997591405264896
1388973970301480964
1388982228483383299
1389011546362155010
1388973074817589248
1389010334132760576
1389014690571767808
1389042707234840578
1389045800836079616
1388993984039587842
1388981983280209921
1389040382646779905
1389029463279620097
1389024994110234626
1388985152831774722
1389023189875847171
1388994959991214083
1389001601109561347
1389004530080108545
1388969978561368067
1388966877641117696
1388960262938456065
1388984305829908482
1388995797325279232
1389050619768369152
1388974642627366914
1389012787733491715
1389022378445840387
1389000162886885386
1389049015451324416
1389007210525564928
1388995212710608896
1389028653959237637
1389019968503640066
1388964951809695747
1389030282888564737
1389004942245912581
1388975604062584833
1389035956129329155
1388996480011173888
1389013550174072833
1388968417319813122
1388977930928152576
1389001870572548101
1389030111307993093
1389017438818242563
1389002479048609795
1388992677564190723
1389030931608920064
1389000304226553858
1388990854484807681
1389006017476837379
1389044460097576960
1389002671659655187
1389004289570443264
1388291024590712834
1389050616958394369
1389018249044582402
1389047793696874504
1389031505775656961
1389021241009442821
1388988177864609796
1389050483822768128
1389032003304108035
1389000718074449922
1388212929451941894
1388402309680570369
1389049975934423040
1388979366353383429
1389020505861206017
1389044703497265160
1388520154162683911
1389014009735753732
1389004079763009540
1389000296085561350
1388400699810136067
1388978619482058753
1389050170348802049
1389050115525054464
1389043491846688768
1389050058356711424
1389048516480282632
1389049837862244355
1389007381003124740
1388991129350254600
1388223645177241613
1387779246077140992
1388999493056532481
1389017784449830916
1389000885468995590
1388978416481828864
1389048829366870019
1389003695359098884
1389019453929582593
1389028337155133443
1389031679180763136
1388997837187215360
1389005357985509376
1388974167484215296
1389016881911173122
1389047672443654144
1389014009156972547
1389046618675048451
1389046585984700418
1389031967333699584
1389043887575117824
1389024366931943427
1389046335265988613
1388997614788620290
1387889536399822849
1387802013212282880
1389045095178059780
1388919643776159750
1387803198069657603
1387811645867581443
1387877065735786498
1388939654884429832
1389043598209978368
1389043530702757896
1387915656952229889
1389038218423767043
1389035184130039809
1389026458014650369
1389030713362681860
1389024339148910592
1389022660080844800
1389043207196057603
1389038918004248576
1389042709227319303
1387848384858443777
1387816787862032385
1389037272633335810
1389034907805040642
1389034661758783491
1389033025841807360
1389023513483354121
1389031771443023875
1388998061813288961
1387838409151062016
1389028652273262599
1389028247212527617
1389027581953990657
1389027391767556096
1389027246334226437
1389026113083650048
1388917734323507201
1388661637498998784
1387873586380255238
1389025091980304384
1389024790518902784
1389023793671254018
1387748678597705729
1389023352224993281
1389021587274403841
1389020020949327876
1389021511063851008
1389009960873480197
1389019044574113793
1389020530364358661
1389019931023380483
1389019481595330564
1389017792960155648
1389017030649581568
1389016935313166337
1389016702474653702
1389016662872137728
1389016639526653952
1389016469904691202
1388583295903047682
1389015952088571908
1389015190675591171
1389015058643144709
1389013861261524994
1389001080646868997
1388631398555209728
1388335800446824451
1388348931147509764
1388277423515574282
1388272127409889280
1388188418413318146
1388644473564024840
1388682569001152515
1388195325735804931
1388333150342897667
1388926594815778818
1389011900076265481
1389011667724513284
1389010695660965888
1389010151886266370
1389009199175176193
1387840512711970825
1388209268168564736
1389004459855028230
1389006895546044417
1388997024088043520
1389006671683461120
1389005676144386048
1389004994028920835
1388945287276908545
1389003967129165829
1389002902031716354
1387949620429574144
1389002268461109250
1388661365049634816
1388659666893295617
1387930927289012230
1388860434074193927
1387974662861344775
1387930930581549056
1387930929591734272
1388661364005158915
1388999347073859588
1388994162607939584
1387930931596517383
1388659667958632448
1389001470536728576
1388999430028865542
1388999366304833537
1388999326425305095
1388998110643429383
1387924113797394432
1388993293481123850
1388997200018038785
1388997038910722050
1387856719464837121
1387947681985728515
1387918552569630725
1387857293224591361
1387824649107644420
1387919059178729473
1387918795579269123
1387920630595608584
1387822226561437700
1387857555607724033
1387831599354548227
1387932802713374727
1387999819172564992
1388996188423213059
1387763165337952265
1388974530891329541
1388993601175232520
1388964456563200005
1388963173060030464
1388961174478331907
1388993294718341122
1388626772699324418
1388993090883575809
1388244860474327043
1388641567905394691
1388989041899675650
1388208113522810882
1388654905347477505
1388142300820279298
1388986453477281812
1388985559255814144
1388985201045483529
1388985122326827012
1388982188000096264
1388327165566013441
1388980356850802691
1388550251238334465
1388604327368007680
1388651946379292672
1388644518946279424
1388888618551418882
1388600581326049291
1388858317481594885
1388869782938787848
1388565262920687618
1388899831721168905
1388596800475566086
1388601653952192513
1388645689291382784
1388977730042142729
1388977580502622209
1388977537414574082
1388977148510318595
1388977241107877908
1388977212154683402
1388973923459600385
1388973077367824384
1388969429187403780
1388970924393836554
1388970033980837891
1388969165906644995
1388966104685481985
1388964939252084738
1388964911947128835
1388964357632053248
1388223620120514564
1388957026471063557
1388956267142594570
1388168386434248710
1388954936189280256
1388954069365104643
1388949597603733507
1388944214721970177
1388592803857539074
1388648219056427011
1388942735781109760
1388872206743179274
1388942263007514624
1388940859392024576
1388939250947837952
1388938763217297409
1388938754245672961
1388930969122615297
1388930215599124482
1388921859006210048
1388594236501766144
1388507271722831872
1388607981168865280
1388552536857235461
1388921356415213574
1388896197826449409
1388896197084123137
1388920486420172801
1387814204510441473
1388832062040326147
1388914222608928772
1388912505704042501
1387842761274101769
1388910121095417868
1388139785496182791
1388896033342697474
1388894073554100224
1388567773681360896
1388893737003143175
1388645738167607296
1388889946866454531
1388828115636469767
1388467576242647041
1388855324329848834
1388848642723880965
1388830037395267585
1388889053056192512
1388858564937228292
1388108575676026891
1387915533568421888
1388494616098394117
1388845893105950721
1388489629557481474
1387742901048942594
1388478243951595527
1388843886991355905
1388886069043732480
1388885778063892482
1388881434534887431
1388875408372912129
1388874387621822464
1388872494426333187
1387889823369809923
1388871129335537674
1388864183882731525
1388863726397399044
1388863676967526402
1388861196674248707
1388858794604597249
1388857199166988288
1388856879560941574
1388853391493840897
1388847909970579460
1388846630397530115
1388846039420002304
1388844748929216514
1388841889126813702
1388841362229968900
1388841348074180610
1388840450983874561
1387783967437475841
1388837329100582914
1388836518647709697
1388835448894722049
1388835423913381893
1387891147658469383
1388833150671884293
1388831397771714562
1388832349874495490
1388493189162717184
1388829853164740609
1388815276645433345
1388806715336974336
1388804781024628736
1388769714537738242
1388749466342207491
1388733298919321601
1388731195203203072
1388720842494955523
1388720748446076930
1388719632475992066
1388716238055088133
1388715189311352834
1388714643800141826
1388704092311244803
1388702354329980929
1388700765607403523
1388697001206894594
1388691944092717056
1388689590886838272
1388688228430008333
1388684523328712715
1388684102002413569
1388682681064595467
1388682083623649280
1388678785382371330
1388677173440090112
1387957611388194818
1388676120485183490
1388674850160627714
1388674082925907968
1388667970746978310
1388668941959114754
1388273480827916293
1387825448357404683
1388258353286090753
1388667594236993537
1388485196622749700
1387877713793400834
1388667109992017921
1388665684360577030
1388666456695623681
1388665928053895168
1388665197674602500
1388492163881840646
1388555062579011584
1388657173891330049
1388498473255948289
1388602960221982726
1388551510171193350
1388606639566114822
1388492315384238084
1388496028630933507
1388609295424671745
1388492181892128771
1388504806252335108
1388511235348615169
1388651980789358595
1388650062415290368
1388647268404940803
1388647034534699008
1388646187604058123
1387955080771608577
1388645783164133376
1388644696046645252
1388644226481668096
1388641372924784642
1388640308599083010
1388639578593153029
1388637829299855364
1388635862074904581
1388614093796519936
1388631015082577922
1388634251860402177
1388634051200917505
1388631921127743494
1388631883714531333
1387847371330138112
1388631345593729038
1388629109002194949
1388624141423726600
1388622053037719554
1388620873440112645
1388279293462163458
1387861964165165056
1388618019325292544
1388617705473945608
1388613201324134401
1388184226063949827
1388210045339512832
1388351832704094214
1387977187614240769
1388309344006062080
1388306954930606082
1388276673133613056
1387922491612569611
1388314633459601408
1388350349564682242
1387940355023282179
1387971090987855873
1387905583286833159
1388351587211485186
1387921333435109377
1388313416683692038
1388612184771645446
1387905333524369408
1387902170146672654
1387923122477846529
1387916494957334536
1387913473179504642
1387902877268692998
1388310204215857156
1388313845651890179
1387904077435183105
1387975140118605825
1388581472630624259
1387921004685635587
1388309909477937153
1388311108017180675
1387914807408566274
1387910621916717060
1387914218771566592
1387938817496305674
1388313152467701766
1387912930566578176
1387906061194178562
1388605430704787458
1388577978016313346
1388605106241822723
1388604320111898624
1388599820328316938
1388592690456055814
1388590501046202368
1388539073153884162
1388586433980534784
1388585046001475594
1388584666874187782
1388581501114228738
1388580934669250570
1388578444125016066
1388574404762902534
1388573944278552577
1388568943443460100
1388566739437359105
1388565638352887824
1388564474999853063
1388563743655829504
1388559490648264710
1388558843714494464
1388524668655652869
1388523827848785929
1388526513402810378
1388516806072078337
1388557903305576448
1388557674451808260
1388557273719623681
1388553353811070976
1388553135526977551
1388553060738338823
1387926837414801414
1388552243364892677
1388550973728169984
1388550355508776961
1388550113988169729
1388549327765839872
1388547958799491072
1388547445966135300
1388546833325101063
1388545331143626753
1388544441498091520
1388543884578459660
1388543563244396549
1388541905462571009
1388541604391124995
1388534271024017411
1388529287263838212
1388529407803932676
1388203035738976259
1387903522524602368
1387746828066693120
1388524405727313922
1388523602279112704
1388521471853608962
1388520868435824640
1388520111598936064
1388150722420789255
1388512428380540934
1388510884369207296
1388324713475231744
1388510405425782788
1388509440182267905
1388127333689790465
1387973147371180033
1388508568429682693
1388506272685776905
1387714813158100993
1388500404825202690
1387714939893260288
1388494321343680512
1388492942118117383
1388492338033532930
1388490143779196935
1388488143045791752
1387914533138747392
1387885565543075843
1388223390012559361
1388160091870871554
1388219801345183750
1388480987798151169
1388480869166366720
1388479810930892800
1388477995883630592
1388474316644397061
1388470735522385924
1388463305719795714
1388460413734555648
1388461529092198400
1388461730188120064
1388460262013943808
1388461953245450242
1388462168698494977
1388445564363317250
1388454760651571202
1388436811635204096
1388426424416100352
1387884890532716544
1388406888937578496
1388394475567910915
1388389940745187330
1388387625413791745
1388374976303087616
1388373582464442375
1387763845607919617
1387763822853767172
1388362905821892614
1388360992451661825
1388358069416075264
1388360600179314689
1388320260089126918
1388309386918080514
1388358297720430593
1388355706479419394
1387919991333441536
1387936056411033611
1388353913192161282
1387776378297270280
1388353017297133570
1388349989265498112
1388349950019391489
1388348737961988096
1388348599952711680
1388345346062012420
1388343527902433280
1388341797177409537
1388338524898873349
1388335229488832514
1388332159853862914
1388326273324306432
1388320458995429376
1388317469635399680
1388316887893819400
1388315669897302020
1388309616937820161
1388308201251168258
1388308291340718080
1388308387545468938
1388306827645964290
1388306516768268293
1388304919816511490
1388303807306735618
1388301854157807619
1388299552164360196
1388299540101468163
1388299472296423425
1388299030611046405
1388296938039267329
1388296493170401281
1388294957815980034
1388294745911349255
1388291548316590087
1388291007884808193
1387787192395866115
1388289999045644294
1388288793015422981
1388287537899245569
1388246520735182852
1388281828369485825
1388281410587439107
1387855493239132162
1388279429760229383
1388277533024694274
1388275197418131457
1388272919554498569
1388269747620483074
1388266717802115076
1388261287143088131
1388260595816861697
1388260161496702976
1388257714132946946
1388256284017840131
1388253764528771078
1388251495322329091
1388247108310867969
1387788926727819264
1388245654254669824
1387793696163205129
1387800994264739842
1387790968435347459
1387889472063168514
1387798709681889281
1388243439448326144
1388228717449605122
1387789415456526344
1387858235571462147
1388244707415928835
1388243130294624257
1388240244806496267
1388238920643751944
1387776307979751429
1388234317499977728
1388234006857146375
1388232831013359620
1388232745785204743
1388228973252030464
1388228151755558912
1388227967332012038
1388225231978864643
1387806335132082176
1387798069761044489
1388209865814945797
1388221218315292672
1388219634101460993
1388218041087967232
1388216151663169536
1388214349823610880
1388213502985244674
1388212514056548356
1387821738436792320
1388210034765615117
1388147097078276096
1388150793874939904
1387918062712725507
1388148000028078080
1387882659251118085
1388147432073142273
1388141424038846464
1388204804443365388
1387872346082615303
1387747201011552260
1388204368860692485
1388204212689981443
1387844887014424580
1388203839136927744
1388203025622343684
1388202967489253376
1388201196079525898
1388199806745645062
1388197362821107715
1388196038649995265
1388190820117929985
1388190026870181889
1388189470504128515
1388188561191616512
1388187640294481920
1388186154575478784
1388183912275488772
1387777705224155149
1388178333758902282
1388176864057901057
1388167733217476608
1388160826838769666
1388159423034662913
1387923876823326725
1388157946639618053
1388156346466553856
1388148973706305539
1387856439063027718
1388148835151761409
1388146910658138117
1387768625021526021
1388146216802955267
1388145356500840451
1388143327342743556
1388142541682450445
1388137772385554433
1388135353891033092
1388136077450428419
1387755650466426881
1388135043906904071
1388136077077196804
1388134551533326351
1388133107887493126
1388132863569190920
1388128212253880330
1388128282755878914
1388126942809968643
1388121433264607238
1388113102349156358
1388108932963610628
1388108832040235010
1388108389327286276
1388107835653988355
1388106494562947072
1388106001325379587
1388105310104129538
1388104845853433856
1388101931562844161
1388092673245032452
1387778192551841797
1387852249523703810
1387775434717286413
1388082916387921925
1388078026114707460
1388073425130901504
1388072872401330176
1388066230049939459
1388062888196251652
1387830786276143104
1388058641123643394
1388056399608008705
1388047227797528577
1388040253630521346
1387738153574883328
1388028239780720641
1388008724002914312
1388006020979564544
1387999686041247747
1387995688265527296
1387993047221383168
1387983787582267396
1387981459051499533
1387977115203743748
1387976696683446274
1387976351659986946
1387975451306610699
1387975296222175236
1387974725956218880
1387973195899314177
1387973730127712256
1387967058537758725
1387965016045932549
1387964633408020481
1387963914999275520
1387961002449309696
1387960822207504387
1387960530191667212
1387958846904279045
1387957633647214593
1387954462204047364
1387953038120394755
1387951600061272066
1387948839622037506
1387948380790394884
1387947825170878472
1387945338246467592
1387941999106478084
1387941673720852487
1387941293137989634
1387940292305768450
1387937031125446658
1387936835377278978
1387936310971846657
1387931842951712770
1387934514974969863
1387933839679541249
1387933462825521152
1387932579559624705
1387931689758990336
1387928148881428484
1387927545283231744
1387925712322113539
1387911958817513475
1387924603234832385
1387924450394398720
1387923835941539840
1387923233429725186
1387920288017522690
1387916586590380032
1387914931392204800
1387914380059291653
1387778132426506242
1387887082111184897
1387912561048305667
1387912553834164229
1387907892347613186
1387907613938028547
1387905888502026244
1387903947214630918
1387903127660208131
1387902086017335299
1387887686443180032
1387887942442491904
1387885784850604032
1387891057623326720
1387884891589660672
1387900110802202626
1387898056071385088
1387898046638350341
1387897905143558148
1387897339415826450
1387896298410553353
1387896209008992256
1387895494135984128
1387894225199579145
1387893619923767297
1387892796326125577
1387887456922574848
1387882399497965570
1387874476843577353
1387880888000827396
1387880752310804481
1387875927393243136
1387875674946478081
1387873888411873280
1387873418373120001
1387873409367937024
1387872564987498496
1387871690949005313
1387871212379033602
1387868240882274306
1387867475333685248
1387861959996026891
1387861566582837254
1387859925364322314
1387859053943173120
1387857254330798081
1387856537721376769
1387855566593306624
1387853520083333120
1387852057378496524
1387851338466439172
1387848145564995585
1387847683679850498
1387844320527634436
1387842244900757512
1387840681721405441
1387840358822842370
1387839872086339585
1387838943224283140
1387838550671044610
1387827369688199168
1387830459195928578
1387829017210933251
1387828591816232966
1387830263623847941
1387827710739853315
1387827024501350402
1387821879453372424
1387802034624208903
1387820166805852160
1387819478990430216
1387815882043367432
1387815579193589770
1387814719323443203
1387811847215190022
1387808302525030402
1387806693552267265
1387805466844188673
1387805335302311936
1387802174529445892
1387800447310827523
1387799780714233862
1387741890536148993
1387797360089223168
1387797134569840645
1387796496993693701
1387795665472868355
1387793528579923970
1387791906747334659
1387786559169122305
1387783319652294656
1387782947424645127
1387782750053322757
1387782712845611018
1387778676813615108
1387778601748205575
1387764168422563846
1387775280807354368
1387771718421422081
1387770898434953227
1387729895569203200
1387769629167206409
1387759537868914697
1387749539122192390
1387760764501512197
1387769423361159176
1387769263679807488
1387767111083347968
1387766834892578823
1387766000364437509
1387764828270379019
1387763395336736769
1387760962166575117
1387759637211099144
1387759062629195781
1387758988482260992
1387758650454859780
1387756990542319625
1387756431835815945
1387756488240812035
1387755206117666826
1387752315650719745
1387748113528590337
1387751217594515456
1387750705260339201
1387749759792910337
1387749442405769216
1387748678593519617
1387748518622810119
1387745288652197890
1387741899348488192
1387741586369482752
1387714122771582976
1387738214388150284
1387736800832200704
1387735560454819843
1387732973966008321
1387731703926505473
1387731581499027457
1387730553969971202
1387730195575083015
1387729311822721027
1387723483682062337
1387721745046585348
1387721658320920576
1387717488616554496
1387717214460055557
1387712176551510016
1387587670428192769
1387587437153570817
1387632369826353152
1387597905523970054
1387578148749910025
1387580934367498242
1387582580426305538
1387628622597353482
1387579802618515456
1387616934796034052
1387588238936662017
1387585125852999685
1387590143784067072
1387585850423140354
1387574782170779650
1387625327501869057
1387581204333940738
1387627737469177864
1387622348006649857
1387619422391603202
1387579358479470592
1387626154710818831
1387620755165245440
1387620451019476995
1387589701490544640
1387600074268569600
1387583037693566976
1387626913250746371
1387554967045558275
1387631159232790530
1387629512217677827
1387525120718036993
1387545260771799042
1387527622691807236
1387528118030667776
1387523103362740225
1387560618001985536
1387626409204404227
1387604734358392833
1387590291461345283
1387639227861528579
1387605384064475140
1387614835534307328
1387573682428518400
1387560626449383425
1387608186769666054
1387555285363924992
1387580818286026752
1387543424383930373
1387585562559672325
1387549506749669377
1387593197652635648
1387579744359653376
1387611035608096772
1387578528623829002
1387536495897038848
1387587039005011970
1387525313337331715
1387546400653672452
1387617028240855047
1387604801001725958
1387582580342489088
1387601767316086784
1387579675279458306
1387586383192018944
1387604503575236614
1387580048404742145
1387592999899525124
1387549317951418368
1387526749487996928
1387529616768659457
1387635803732406273
1387526090562752512
1387526453940551685
1387526090625753095
1387592364177313794
1387493320566398984
1387705459793145856
1387704123408199680
1387700340020105217
1387697163195535361
1387696673825112077
1387696571496734721
1387382973465460736
1387574965277319168
1387684423638863879
1387683115997581314
1387511612534267905
1387512882514980864
1387402408775487488
1387476946657824769
1387676239415099394
1387672746709164032
1387671060322168836
1387670991019593728
1387647757423316993
1387648799103979521
1387595253268443140
1387571308523708417
1387647749210865664
1387499111662817280
1387648789708636162
1387602024145981440
1387656409655906307
1387557494591873024
1387602015249788930
1387563906197966850
1387563896349741057
1387656400789118978
1387571317205917696
1387607766529765377
1387557485582503939
1387595244632305665
1387566132467486720
1387532584251441155
1387668441541357568
1387417131290173440
1387664542017200128
1387663250284683265
1387570949361336324
1387221624135446533
1387212668503609344
1387647743296892934
1387577136408457216
1387455262642954240
1387663236086984705
1387595238588391425
1387560997401939976
1387594928331530240
1387394509974085637
1387366116205285381
1387413864677974019
1387362387859107840
1387228227693801472
1387305712657731585
1387603245560832005
1387480708315156480
1387432508480970759
1387648779348627461
1387567618115080198
1387199894171967492
1387444909800525827
1387579912236662784
1387421747197083656
1387550140358004737
1387328245465374721
1387364286524137475
1387277629523333121
1387434029088079873
1387206585605181441
1387211745207341056
1387548183685828614
1387423048282738689
1387607759403720706
1387600624485761024
1387440023193088001
1387407327850995715
1387562840983183361
1387431684283404293
1387417286781276168
1387231455357534210
1387622544505597956
1387315751757836288
1387499105622978560
1387597662631841792
1387424995505164298
1387439044762669063
1387441534535016452
1387589784017666055
1387359214490644484
1387563890507083780
1387367740768284672
1387233897591689218
1387218862781829125
1387273748944805888
1387571302093910016
1387564352757112834
1387308721747808258
1387570936472215555
1387480885109219328
1387597881884909569
1387411216709021700
1387650110809468928
1387420845090344960
1387436242627747841
1387606101252739078
1387585071402524675
1387568002132975619
1387332645726556163
1387310388715294727
1387616355873026052
1387602009432281097
1387604099948965888
1387412586879062022
1387225652101672960
1387427585886326786
1387209556950863873
1387544998443319297
1387650723836358656
1387556008025681920
1387452174729236480
1387554581152821249
1387370930515623936
1387208524862672900
1387216940901429249
1387436905772449793
1387310907550625793
1387203212734713858
1387315204757725187
1387591172248399882
1387269957486972937
1387271938460983298
1387392039310872580
1387581334063747077
1387431172569931777
1387560913000034311
1387411217078112261
1387657922327375873
1387557479219798023
1387656394925436931
1387567377424949254
1387574958633541634
1387598846709026819
1387396535483133952
1387652452304916482
1387429509960327168
1387395778956599300
1387236596517203971
1387382967454998528
1387355757771837445
1387652793582772229
1387353083861106690
1387576506969329671
1387559833210003457
1387493576607551489
1387569567728226305
1387594463929782277
1387476946636836865
1387596754862759936
1387616821277122563
1387593400640176134
1387402408796385280
1387521004176437250
1387660513224675331
1387659340652425217
1387655123036426240
1387199989781254152
1387653904490508289
1387653703662964739
1387651546247168002
1387640758530822147
1387645195919888389
1387212748879122434
1387581632236847104
1387583738670768129
1387636953785401344
1387511612521676800
1387587039013470208
1387512882523295747
1387643550221803526
1387587437132587009
1387631118279610374
1387303199481098240
1387653204129681409
1387587100715880454
1387583102109716481
1387634276162707462
1387584119090008066
1387649320837468160
1387597781796229121
1387588623302762497
1387628374110003205
1387650406495318018
1387625963660267524
1387649848531464192
1387651221922754566
1387573980933013512
1387574422849085444
1387542281020973056
1387645491408773121
1387644944513486849
1387620148186546177
1387524361142243329
1387643600758927363
1387598819001618434
1387642530486001664
1387642335366950912
1387642054436605953
1387641824622284800
1387640627530289152
1387639660231512064
1387580004855291906
1387258240937828355
1387639181346754562
1387610147707576327
1387603955396534272
1387601859578404864
1387633068010262528
1387625592108077056
1387638490867896323
1387637802901377024
1387637643698130944
1387637380182642695
1387272285799829508
1387637118688706560
1387636606597750787
1387636551262298112
1387635650288095232
1387440471304249348
1387625670709235715
1387408565883768837
1387446618874597377
1387417727229468680
1387237525786435598
1387633095499780115
1387632328911036420
1387632229438967809
1387216357691994118
1387632024559759364
1387576257093713927
1387631673144184837
1387314612475924481
1387629675384655873
1387628715472007169
1387628131746553857
1387627853072801794
1387627325752283139
1387627250481307652
1387627202515251201
1387626668911628289
1387626267772473347
1387626171534385158
1387524139225952257
1387625892613173248
1387625712232935430
1387625252289662976
1387625226712846338
1387624923506565120
1387623933374042115
1387623915489566722
1387623424219140096
1387623192592883716
1387622966012354560
1387622665817444353
1387622615775387650
1387622372019212289
1387621746430431235
1387621718345269249
1387411285181087746
1387414824913707008
1387619497289342977
1387619486682042373
1387619167952531463
1387599725231329286
1387604084367237121
1387590679682068486
1387588269718781952
1387619098377478145
1387234147416956932
1387232373029232651
1387589002304233474
1387221580510490625
1387221387568304135
1387511865220075520
1387587373899255811
1387496573169373184
1387617399172599810
1387606218408177664
1387618435253817346
1387617373994332162
1387617239134707713
1387587105522700288
1387614382079844352
1387616937371443201
1387583819012886529
1387592395357839362
1387576607683096576
1387616772115795970
1387597304287408133
1387615400616206336
1387615388104634369
1387255599835004931
1387615293250355202
1387607453773312003
1387608412733820928
1387615148089741315
1387615022839443456
1387615005269504000
1387614666889773058
1387614373766651907
1387614199770198022
1387614174281355265
1387613849994498049
1387613664857968640
1387613571505340422
1387613394526777345
1387613135033470979
1387612970918817793
1387612586871508997
1387612574800297984
1387248929364799495
1387612525592711173
1387586106556915718
1387577810622029832
1387578844157259782
1387612478998188033
1387582236107624450
1387412001341808644
1387612211166826497
1387612190283157506
1387601740166582272
1387607218783199247
1387611813509017603
1387593341064433670
1387608613276028928
1387611755749289989
1387592860397101056
1387603604362694658
1387242407281012740
1387590224495136771
1387588560845524994
1387588948889948161
1387611333424816128
1387591605574586372
1387602355995222018
1387590275531476994
1387610918301933570
1387610866728722441
1387605178111700992
1387610521822797825
1387585057590759425
1387580372494528512
1387610198475427844
1387610018921558017
1387609926890106880
1387609465520857091
1387603908638482435
1387609256745213953
1387572500540936196
1387589497773252608
1387562168900587520
1387200399795499011
1387563498650152965
1387587917359550467
1387590081645617153
1387578691472011268
1387608468471812102
1387589482115997696
1387582806918840323
1387582205224960005
1387205779606941698
1387212178621669377
1387579864170090503
1387563849025527808
1387591438213472262
1387583500937748481
1387601233825910784
1387608355544387584
1387597160523472899
1387607214534316032
1387607554814103552
1387608312875732997
1387608312619864067
1387608290142695425
1387608093240987651
1387608036261437444
1387607686980808704
1387275229341302788
1387548990418341890
1387277853859909632
1387605500469075974
1387606527880671232
1387605502671077378
1387607063405203456
1387606612899160066
1387606493235716096
1387271623665983488
1387585729023328256
1387270782800236545
1387606433622024192
1387440855007567874
1387584692468264965
1387602070891606016
1387606399572750337
1387606378001412099
1387605958206046213
1387605560946745344
1387605538553352193
1387605526058573831
1387605469552947200
1387600467274907648
1387604517680730116
1387605201906028550
1387605172352860169
1387605076194299909
1387605059878404098
1387604932912730114
1387604931037777922
1387229533804404737
1387604884871077889
1387603482367217668
1387604763462799361
1387604531354157057
1387604462496358401
1387588234033594371
1387604454443212801
1387604233764196357
1387604188314673153
1387603683370745857
1387603354545762308
1387603214963548161
1387572560544600070
1387603007941062658
1387584143488339975
1387598483910242309
1387601345784553474
1387602724934541318
1387592045020188673
1387602186465685504
1387602040281567233
1387602034828922882
1387601771418238980
1387601411391770626
1387601266826690568
1387600956246970375
1387600697873608708
1387595965360660496
1387578251380469763
1387600814957633539
1387307185890332673
1387486095538016260
1387209297948549122
1387420149683146758
1387598940443398149
1387600023047770117
1387599998108553216
1387476341205970951
1387599439578091520
1387593216745263114
1387588661164875781
1387599090238824450
1387599087223066625
1387598796151005184
1387598551182712832
1387231886410387456
1387598492915453956
1387598363114328069
1387584631805988868
1387598080170733579
1387593514142343168
1387576852554846214
1387597955172024321
1387590429487603713
1387597877845823492
1387597685121863680
1387597551780630532
1387596801809653760
1387596621328879619
1387596525799448584
1387583776931319816
1387596406765015042
1387596179488317445
1387573981851623428
1387595877607424001
1387595795692654595
1387595710661599232
1387581137531330561
1387595423926431746
1387595328153587722
1387595100981800966
1387595055943323650
1387594907225837570
1387594590241312778
1387594482766516229
1387570565834330114
1387572920990552065
1387577143182479362
1387594243468939268
1387594075482820609
1387594048010076174
1387574755142905860
1387466708806520833
1387594001935646726
1387593929151942657
1387593700218449924
1387593878379786241
1387572864795226114
1387593719801597956
1387593477127561216
1387590533271404544
1387593337759281154
1387585321009926147
1387593184226775042
1387593144280272906
1387592821796913154
1387592781166690304
1387578915300970497
1387583390908620801
1387592711776112641
1387592632340209665
1387592464186421256
1387587520083410944
1387592420150362112
1387592377913729033
1387563991157952518
1387586512871636996
1387592368258494468
1387590342120255490
1387592178424295427
1387590440921206785
1387592147294203907
1387592011793018887
1387591996047609856
1387591928196354049
1387591851792871426
1387591826996092930
1387591717046652928
1387591505318121475
1387583748942794754
1387591397595926528
1387591293212282888
1387591058318561284
1387590996855332866
1387590953104515076
1387588893109796868
1387590723411775489
1387574054358507523
1387582387366899713
1387590556612710400
1387579464121466881
1387590513323233285
1387575770621648902
1387590271655890954
1387566683204763654
1387575723523727364
1387589988322263048
1387589971700289540
1387589489875423235
1387589384065650692
1387589348435058695
1387589219565162501
1387589213961531392
1387589174581202945
1387577506442760196
1387589099905765381
1387588989499097095
1387588976467488768
1387588956666179588
1387588932456570890
1387588876005433352
1387576317659521039
1387588872121503751
1387588847442268160
1387588820204466184
1387588776042586112
1387588613421113345
1387588598724276226
1387588458705739779
1387588424283131904
1387588361464975360
1387588349565800449
1387586783593041924
1387588270620651526
1387588246012633088
1387588172704534531
1387588156447461379
1387588140479700998
1387588100763885572
1387587258430238720
1387553604639330307
1387556725008617476
1387586345980227587
1387585666691878912
1387587656062746625
1387587533379457026
1387581405769646092
1387584689561645058
1387464249694425091
1387587502836523014
1387587494158426113
1387587458292879363
1387587426827243521
1387587368308420608
1387587346871296006
1387587118009102345
1387587117652619276
1387587095687057412
1387586950169874436
1387586706690433032
1387586678437687296
1387586642882539520
1387586405879238658
1387586366150688770
1387586328783695874
1387586292423217157
1387586274266128384
1387586272693207044
1387586229743624193
1387586112777068547
1387579739011960837
1387527481058635782
1387585974931181570
1387585939241897986
1387585873739460611
1387585806056005633
1387580817673793539
1387585768412139521
1387585376529813506
1387585370829828099
1387585258644811782
1387577415937966080
1387585208334028801
1387585084220493828
1387585023239507986
1387584921078743044
1387584746440601609
1387584658867695616
1387584585937129480
1387578663038853120
1387583738821947392
1387556752820948992
1387584565103955972
1387524326971351043
1387584521760030720
1387584406618099719
1387584383956226048
1387584365962596353
1387584360237383684
1387573175156973570
1387584266985422849
1387584243136667653
1387584207380226055
1387584017130741761
1387583973090529283
1387583950546219009
1387583940211453956
1387583929264320519
1387583703367524353
1387574212987133956
1387583689584939011
1387583644391325697
1387572487827902472
1387566504535805954
1387311701767426049
1387309356635537410
1387218494257778689
1387216850149388291
1387222945328685064
1387583465529413636
1387310205571145729
1387582590392143880
1387583441022095360
1387583315889250304
1387583283559550977
1387583195919552514
1387574787254456323
1387583094119669761
1387579004639711233
1387576720568561669
1387581802294951938
1387582929073737733
1387582864708063234
1387577605063335940
1387582776598224901
1387582710114365446
1387582683946102786
1387582677612650499
1387579534384435206
1387582548637888515
1387582268521263110
1387582261109956620
1387582147104489475
1387582077407830018
1387582039990411268
1387582010068176896
1387581947568812033
1387581848931520516
1387581784095744001
1387581704576061441
1387581433267503106
1387581428326617088
1387581399239204871
1387568248762388483
1387546103537623040
1387581244934864896
1387561406493560832
1387567530324205571
1387541051850772488
1387581219379064836
1387581195974856704
1387581154040107021
1387581012603981826
1387580880269545475
1387580856408199174
1387580848724119552
1387580843191934978
1387580772694077442
1387577755274031106
1387580596529025028
1387580498852077570
1387580427515404288
1387580340785516549
1387579974559862789
1387579857912139779
1387486881105932288
1387579811317620736
1387574270478401541
1387579803918905352
1387577971448426499
1387579794892619780
1387579788202741765
1387579779189297159
1387579733941104643
1387579732955369472
1387579613677854720
1387579436028108801
1387579401961975814
1387579384823963648
1387204952502808579
1387579381560889347
1387278112241635336
1387579266250989574
1387579205832126467
1387579083865923587
1387520598172213248
1387578988940480512
1387578934410219535
1387578854831702018
1387578851807662085
1387578791212593155
1387578734719426563
1387578721218011144
1387578657087098881
1387578640418885633
1387578623884935173
1387578550786658310
1387578520927342596
1387578503852351488
1387578419282595840
1387578365469671431
1387578361854181378
1387384421897183239
1387578302806822914
1387578214365679618
1387578193838845953
1387578186943315969
1387578173903314949
1387578173714485250
1387578162255642629
1387577908407980036
1387578130437754883
1387578128936144903
1387578106207158283
1387578053325434882
1387577890368368641
1387577850262396929
1387208980578058241
1387196967516839938
1387196971056828420
1387200912318476288
1387200915749416963
1387208985867128833
1387215714998755346
1387577604987920389
1387577575321526272
1387577537447055368
1387577526722170883
1387577517779914754
1387577431222018048
1387577387668418561
1387577319133433859
1387577093001814016
1387577288615768064
1387576970893045760
1387577183158341632
1387576254191263745
1387577140573573120
1387577045065031690
1387577030565318664
1387576904329441284
1387576834569785345
1387576773915856899
1387576732899856385
1387576677962764294
1387576647067525120
1387576560455241730
1387576490632560641
1387576420302528512
1387576334495399936
1387530855355015170
1387576317973917698
1387575661175263232
1387530855489314816
1387576317969797121
1387575661166940160
1387576268422410240
1387576219810553856
1387576200139362309
1387576159391596554
1387575965207891969
1387575508771147778
1387575455541235718
1387575414646661120
1387575399941541888
1387575394677661697
1387575273458126850
1387575227169873925
1387575185860173836
1387574932314406914
1387574873455742978
1387574849292341249
1387574758703833089
1387574649844899842
1387574607901773825
1387574498602504197
1387530557098283009
1387530866470101003
1387574405707018240
1387571154400026628
1387249727176159233
1387574307799420932
1387566572005384195
1387574160491171841
1387565592257998848
1387574155428732931
1387574108536426500
1387573790503284738
1387573653513048064
1387573579923984388
1387573179258970119
1387573176658505728
1387568194244726786
1387573170236973058
1387573107037253633
1387412327792889857
1387573065350107137
1387572988044795905
1387572946047279106
1387572843911782400
1387572661400784896
1387525622382137349
1387564768265969666
1387282772255854597
1387572602990997516
1387564243642425347
1387209563020009475
1387572567435882500
1387572533138952195
1387572282361532421
1387572219203801088
1387572033857466375
1387571860724932612
1387571762473406468
1387571751874355206
1387571617702760454
1387571606881554433
1387571572907646984
1387571446763905026
1387571158334246914
1387568879338147841
1387568738501857281
1387568584700858371
1387568387577065477
1387568370288037888
1387568284409683969
1387568061725687814
1387567841109549061
1387567623802523648
1387567492642611204
1387564359153381376
1387559839241412609
1387567383255031809
1387567279169277955
1387566937643884544
1387566457375100930
1387525579054923783
1387566109549813763
1387548190371549184
1387545004340498432
1387550146330730498
1387554586999726081
1387560918779793408
1387556013784457216
1387564446344781828
1387563176766607368
1387564304283668480
1387563927429595145
1387273795929468930
1387563552198864897
1387562993836244993
1387562783726837760
1387562422685388811
1387559885911597059
1387477171258728448
1387558646293401600
1387558599791153160
1387558340071464964
1387557765665759240
1387557155289632769
1387556803836264453
1387556545366564871
1387555375763922947
1387416520351965185
1387245714690908160
1387526428632092674
1387524951230402561
1387555035270160386
1387313882817994757
1387217891154534404
1387239208121630721
1387553784621056000
1387553573890895875
1387552101065236481
1387550602159403008
1387536976195334147
1387550177326739459
1387549421064306693
1387549297856679936
1387546322086072322
1387545559930753025
1387544933951844353
1387545086804873216
1387537801042870272
1387544261256794114
1387544096600780802
1387534534544138241
1387529064114753539
1387525411886731265
1387524849996861446
1387523496767541248
1387523329947578369
1387517814806827010
1387516047352336388
1387511920622804992
1387177703141429251
1387503445469540354
1387510874970206210
1387503583931817984
1387432514503856131
1387420851058798594
1387425001800814601
1387427591968100353
1387411223403061255
1387413870776516610
1387407334322831361
1387421753295527938
1387436249237970947
1387417293060120576
1387429516046258177
1387452181146603537
1387440028918317063
1387431178425094150
1387423054041554946
1387455269345452036
1387411223147270151
1387412593841623043
1387510198013775876
1387509954765103108
1387508840636338177
1387204566366793732
1387508578743988225
1387205974159671297
1387205425666400260
1387507823639203840
1387507707863764992
1387491849867337733
1387504580091695106
1387428561284386826
1387502100918284290
1387500530637881344
1387500381006139392
1387273815877693445
1387498835262513158
1387498440406421504
1387498111631859713
1387496302217363457
1387429271057178628
1387491768225107971
1387491117390712835
1387491041985564680
1387489814153412608
1387488358188863489
1387487680515166212
1387482229098614785
1387480523891675147
1387479794489700358
1387476822485577732
1387472967223947266
1387472877000216578
1387472652089049097
1387471667572707332
1387471076398149633
1387470944596287489
1387459567534198792
1387456267489320960
1387453342884978690
1387453328246943747
1387452172116402177
1387450473662275586
1387448969912016905
1387448398983401478
1387446162362404870
1387444188371771395
1387442647523004430
1387442421005361160
1387437873633406980
1387437283020873736
1387436255097597953
1387435851114852352
1387434451291021316
1387433996800430080
1387430244789878785
1387430142532800513
1387389436741226500
1387427255467524105
1387426518809333768
1387424964987457539
1387423696848146434
1387421714959814664
1387420191433318405
1387419796510150658
1387419382473764867
1387374303885160452
1387417709290430473
1387416738745266178
1387416836489187332
1387415575941586948
1387411332660596745
1387409689156235273
1387408677683015690
1387408029105205248
1387401976451899393
1387397439116779531
1387395714838323209
1387395634320318472
1387284544261435394
1387388375724855296
1387261953937084416
1387384026386911235
1387382296639066120
1387341722414374914
1387379500946710532
1387378747909754882
1387360220079435776
1387374412886859781
1387347756315029506
1387372675174072320
1387372422370762753
1387367795713773569
1387363747040305153
1387343549268742146
1387320587463405572
1387318400121192448
1387315897405169666
1387295080067780612
1387272900659589122
1387273339870138370
1387277977889689601
1387271166457520133
1387274280774168577
1387273940461043717
1387272062629302273
1387271711993835521
1387267336818790401
1387262996729278465
1387260130287304704
1387257033296990209
1387254874774163460
1387252774979653634
1387249820046331906
1387248726994034688
1387249986526646273
1387239286777552901
1387238280815648769
1387237827772026881
1387237707202670597
1387234416502755328
1387230321754746880
1387228910098677763
1387228636110114816
1387225219522351110
1387223670913896450
1387196048096088064
1387221403460591619
1387225174475476994
1387225109383966726
1387223883317661696
1387220475500277760
1387217952211193862
1387214965443018763
1387210616348233728
1387210372176826370
1387209274900860929
1387207169347661832
1387207040951623680
1387206122877095937
1387205920795529217
1387205842727014401
1387205589965606915
1387205250872971268
1387205217108774921
1387205152663379971
1387204961969352709
1387204587090759683
1387204585912250375
1387182754970972164
1387203009273286664
1387195728141897734
1387202984656920578
1387202183817535496
1387201879617294340
1387201193571672065
1387200179191824391
1387199611299934211
1387197912199925769
1387197729806462979
1387196365290319872
1387196016718458881
1387195572503949314
1387194684171333632
1387194103444746240
1387193126201315330
1387192713800474624
1387189577249591300
1387188064418738177
1387187359821750273
1387187077389901827
1387187045580386311
1387185969988833282
1387185681361944583
1387184675479867395
1387182243244908546
1387181722895360000
1387180726496399366
1387180628320337920
1387180244117901316
1387179348168478724
1387176103215763458
1387175591724699648
1387174282661449733
1387169493911232513
1387159578601607173
1387151448174063616
1387150818780979200
1387156089993502720
1387172760607199236
1387141410399391753
1387158930078552064
1387171874921144325
1387171261818839045
1387171124786733056
1387170052504526850
1387169792474468352
1387149958134964226
1387151926588964864
1387148561180028931
1387139679867133957
1387146540402180097
1387166318571319299
1387158832594358274
1387163621151571971
1387137234734698499
1387143123881447425
1387168990452088833
1387152888695201794
1387168818578038786
1387067001059827713
1387136850117152783
1387168397234950153
1387168357959471105
1387165627920658433
1387166609844879361
1387164246283276290
1387155187152916482
1387165581275803649
1387053586060701699
1387164839500468237
1387162566527438850
1387162279326670848
1387161399852470279
1387161316796813315
1387159294207004674
1387159103881973760
1387159049884553223
1387095335311392774
1387158081520472074
1387155323325190149
1387155899878420481
1387151395539890181
1387154985738190856
1387060422528876549
1387153925170737153
1387153007893176323
1387151687081660430
1387134348697145344
1387149514692300801
1387148412471193600
1387148600560558081
1387085049720410117
1387148486441902085
1387142877176688643
1387142877256454146
1387146523335614468
1387144210583797763
1387143707233767434
1387137240929693696
1387142855852965891
1387142786848333836
1387142617436151815
1387142210588708868
1387142172860985350
1387041720920018946
1387140596347854852
1387140242076053506
1387139515232497666
1387139348349562885
1387135456576524301
1387134652767522819
1387134256527421452
1387132296390713354
1387129953981014016
1387129419056177155
1387127936466182144
1387127691539791873
1387127146162888704
1387127041376534531
1387054634204745733
1387125432865132550
1387125303101825036
1387123987751346182
1387114000815595522
1387112538937208836
1387111868062478336
1387111614130925574
1387110625134907399
1387109128280186881
1387108875372007432
1387108142329352195
1387107741022539779
1387107248015659015
1387106439777460233
1387100784785952771
1387100029282930692
1387098958799982592
1387098079527120900
1387074567080919052
1387037284499922945
1387098057402159110
1387097480811122695
1387096015879147525
1387094769625616385
1387094175158611973
1387090612768346117
1387090296182349830
1387089449666990081
1387088785909981185
1387088609237479432
1387088603701026820
1387087779113357318
1387086968354451460
1387086745729224709
1387084387079053314
1387079903389044744
1387077777443246083
1387077585142747140
1387076226397970438
1387072322444668933
1387072102117822466
1387070162210328577
1387069448453074949
1387066185406107654
1387065123534217217
1387063655565602816
1387060354925137926
1387059795535011841
1387058526384623620
1387056576872128516
1387054873837858824
1387054764274319369
1387053511712526347
1387052837914435587
1387051099484397571
1387049445116706818
1387046751215882243
1387045136765382662
1387042053452820483
1387042044565090311
1387039252924436481
1387035526503489536
1387035351055798282
1387034896032538625
1387034681498087424
1387033205136633857
1387030787841736704
1387030479464017929
1387029175895306240
1387026722999181318
1387024467424071680
1387023370269728769
1387021430735441924
1387020346855936002
1387020292325888000
1387019739743064071
1387014578484170753
1387012497891278848
1387008995441905664
1387005570666934275
1387005553491185670
1387001643724689408
